url_path,views_total,views_unique
/quic/gunyah-hypervisor,751,494
/quic/gunyah-hypervisor/tree/develop/hyp,87,63
/quic/gunyah-hypervisor/blob/develop/docs/api/gunyah_api.md,81,53
/quic/gunyah-hypervisor/tree/develop/docs,65,43
/quic/gunyah-hypervisor/tree/develop,59,42
/quic/gunyah-hypervisor/blob/develop/docs/setup.md,54,31
/quic/gunyah-hypervisor/blob/develop/docs/build.md,50,35
/quic/gunyah-hypervisor/issues/24,40,26
/quic/gunyah-hypervisor/blob/develop/docs/qemu.md,31,22
/quic/gunyah-hypervisor/blob/develop/docs/terminology.md,30,21
